26 27 29 31 34 36 40
79 80 82 85 87 88 95
1 4 6 7 6 8 8
70 73 76 79 77 78 84
25 27 29 32 35 35 36
5 7 11 14 15 18 15
20 22 25 26 30 32 39
78 80 83 84 86 93 90
74 76 79 85 87 89 89
71 73 79 80 83 84 88
13 16 17 24 26 28 34
30 28 30 32 34 36 33
27 25 27 29 31 34 38
25 23 24 26 28 25 22
11 10 11 8 9 10 10
25 23 23 24 25 26 28
60 57 60 61 61 63 62
55 52 54 54 55 56 60
74 73 77 79 80 82 82
73 71 72 76 78 79 83
45 45 47 49 52 52 59
19 19 23 26 29 30 29
53 53 57 60 63 64 64
69 69 72 74 78 81 88
49 49 51 52 55 61 62
26 26 27 29 35 38 37
78 78 84 85 87 89 93
23 27 27 28 30 32 30
5 9 11 14 16 16 20
82 86 88 91 91 92 99
16 20 24 27 30 32 33
72 76 80 81 83 85 90
26 30 35 38 40 42 40
33 39 41 44 41 43 45
38 45 46 47 45 48 45
29 35 38 41 44 44 46
77 83 85 86 86 89 89
58 65 69 72 74 77 81
3 9 11 17 19 22 23
66 73 75 77 83 85 84
7 13 16 21 22 24 24
66 63 62 60 58 57 57
23 22 19 22 19 16 12
30 29 29 27 25 22 18
61 59 58 54 53 51 47
85 82 79 76 72 69 62
44 41 39 36 29 27 25
43 44 42 39 37 34 32
76 79 76 74 71 68 70
23 25 23 22 20 17 17
62 63 61 63 60 57 57
40 42 35 32 29 28 24
26 28 26 21 18 16 9
66 66 64 61 58 57 59
41 41 38 35 32 29 29
74 74 75 72 70 67 64
21 21 20 18 18 17 14
67 67 65 64 61 57 51
26 26 25 23 20 15 12
93 89 88 85 84 82 78
88 84 83 81 80 79 72
38 34 33 34 33 32 28
55 51 48 44 43 40 37
45 41 40 39 38 32 30
25 20 17 14 12 9 5
98 91 90 88 86 88 86
47 40 38 36 39 36 37
34 28 25 26 24 23 18
92 85 83 80 78 78 78
41 36 34 32 32 30 26
38 31 30 26 25 22 19
36 31 30 26 23 20 16
73 66 59 58 57 54 52
71 74 75 77 80 81 79
84 85 86 88 91 93 97
71 74 76 79 80 80 80
48 51 53 56 58 58 62
16 19 23 24 26 29 33
1 3 5 6 10 11 16
67 66 69 72 74 76 73
30 29 32 34 36 38 42
5 3 4 7 9 12 17
21 18 20 19 22 25 32
86 83 86 86 87 90 94
20 17 20 24 26 29 29
5 4 5 7 13 16 16
39 36 39 46 48 50 56
86 86 88 87 89 92 95
77 77 80 82 80 81 80
3 3 5 7 4 7 13
88 88 91 94 97 97 95
70 70 70 73 76 79 79
49 49 53 56 57 59 59
19 19 20 22 23 27 31
42 42 49 51 52 54 53
35 35 38 39 40 45 45
83 87 90 91 92 93 92
30 34 35 36 37 39 39
22 26 28 29 29 30 32
38 42 45 45 47 48 46
66 70 71 72 72 73 79
52 56 59 63 65 67 65
8 12 14 16 20 23 23
73 77 79 86 89 91 93
40 44 50 53 56 59 59
58 64 67 69 70 73 74
27 33 36 38 43 46 49
70 76 82 83 86 89 89
50 48 46 43 42 39 39
50 49 47 45 44 41 36
59 56 57 55 54 52 48
86 83 80 78 73 71 70
71 70 67 65 58 56 49
13 15 17 15 12 10 12
87 90 89 86 83 84 84
24 26 25 25 22 19 18
54 57 55 51 49 47 49
43 44 42 38 37 36 32
42 44 43 42 41 37 31
10 10 7 6 5 2 2
59 59 58 57 55 52 48
71 71 68 67 70 69 65
37 37 34 32 29 25 25
34 34 31 27 25 22 18
72 72 71 69 66 59 59
35 35 33 28 25 24 19
42 38 35 34 32 30 25
16 12 11 9 9 7 5
99 95 94 94 91 89 85
43 39 38 38 35 32 26
51 47 43 41 38 35 33
73 69 66 63 62 58 58
18 14 12 7 5 4 7
93 89 83 82 80 78 78
31 27 25 22 16 15 11
97 92 89 87 85 84 87
73 68 66 65 62 65 65
58 53 50 47 44 44 43
55 50 49 46 46 44 44
86 80 76 74 73 70 73
25 19 17 10 7 6 8
61 56 55 54 52 47 43
12 12 13 16 15 18 18
80 76 73 70 68 64 60
29 34 34 36 39 40 37
31 27 25 22 21 21 22
69 70 72 73 75 78 80
70 72 75 78 80 83 84
79 76 73 71 70 69 66
72 70 67 66 64 63 61
43 40 38 36 33 30 28
55 52 49 46 43 40 37
65 63 62 61 58 56 55
11 9 8 6 5 4 1
58 59 60 61 62 65 66
31 29 27 24 22 21 18
69 72 75 76 78 79 81
38 40 43 45 48 50 51
33 36 37 38 41 44 46
20 18 17 14 13 11 10
7 8 10 11 13 16 17
21 23 25 26 29 31 32
57 60 61 62 64 66 67
95 94 91 90 89 87 84
27 28 30 32 35 36 39
48 45 42 40 39 38 35
46 48 49 50 52 54 57
78 75 73 71 70 68 66
9 12 13 16 19 21 24
64 67 69 71 73 75 78
52 51 50 47 44 43 41
57 60 63 64 66 69 71
86 85 82 79 77 76 74
12 14 17 18 21 22 23
87 84 81 79 76 74 73
33 30 29 27 26 23 20
95 93 91 90 88 85 84
66 68 70 71 72 75 78
96 93 91 90 87 85 84
62 63 64 66 69 72 75
85 82 81 80 78 77 74
80 77 74 71 69 67 65
73 70 68 66 64 63 62
10 8 6 5 4 3 1
28 25 24 22 21 18 15
87 88 89 90 91 94 95
56 57 60 61 63 66 69
22 23 24 25 26 29 30
34 33 32 31 29 28 25
84 81 78 76 74 71 69
25 23 20 18 17 14 12
49 46 45 44 41 40 37
49 47 45 43 42 39 36
42 41 40 37 34 32 29
17 18 21 23 26 29 32
87 90 92 94 96 98 99
11 14 17 18 20 22 23
72 74 77 79 82 85 86
62 63 66 68 69 72 75
50 47 44 41 40 39 38
73 70 67 66 63 61 59
19 16 15 12 11 9 7
61 58 57 56 53 50 47
26 25 22 21 20 18 17
37 39 41 42 45 47 49
45 43 42 39 38 36 33
41 40 39 37 34 32 31
13 14 15 16 19 20 23
24 23 22 19 17 15 14
83 82 80 79 76 75 74
17 20 22 24 26 27 29
72 69 67 64 61 58 56
12 14 17 19 21 24 26
38 40 42 45 46 48 49
28 27 26 25 22 19 16
79 76 75 74 71 70 67
26 23 22 19 17 14 12
3 5 7 10 13 14 15
93 90 88 86 84 82 80
83 84 85 86 89 91 92
19 21 22 24 25 28 30
45 48 49 52 53 56 57
55 57 60 62 64 66 67
65 63 61 60 57 55 54
59 61 63 64 67 69 70
76 75 72 69 67 64 62
32 31 30 29 28 27 24
43 42 41 38 36 35 33
73 71 69 68 67 65 62
3 5 7 9 10 13 15
68 70 73 75 76 77 78
22 19 18 16 13 10 7
44 41 38 35 34 32 31
98 96 93 92 90 88 86
97 94 91 88 85 83 81
65 63 60 58 57 55 54
42 44 45 46 48 50 51
57 54 52 50 48 47 46
39 38 37 36 34 33 31
47 48 50 53 56 58 61
54 55 58 60 61 63 64
51 53 56 59 61 62 65
6 7 8 10 11 13 15
12 10 9 8 7 5 2
54 51 50 48 47 45 42
75 76 77 80 81 83 86
7 10 13 15 18 21 22
88 86 85 82 80 79 76
66 69 72 74 77 78 79
57 59 62 65 67 70 72
93 92 90 89 86 85 83
31 28 26 25 24 23 22
35 34 32 31 29 28 25
64 62 59 57 55 54 52
11 14 15 17 18 20 21
75 72 70 67 66 63 62
26 24 21 19 16 13 10
64 62 59 58 57 54 51
26 28 29 30 33 34 37
74 77 79 81 83 85 88
91 90 88 87 86 84 81
42 39 36 33 32 31 30
33 32 31 28 26 25 24
86 87 88 91 94 95 96
40 37 34 33 32 29 26
69 70 72 73 75 77 80
35 32 31 29 27 25 23
59 57 54 51 49 48 46
20 17 16 13 11 10 9
18 15 12 11 10 9 7
61 60 58 56 53 52 49
59 61 64 66 68 71 74
74 71 68 66 64 62 59
63 61 60 58 55 54 51
33 30 29 27 26 25 22
69 67 64 62 61 58 56
57 55 53 50 48 47 44
74 73 71 68 65 63 61
58 57 56 55 52 51 50
31 29 26 23 22 20 17
61 59 58 57 54 51 49
62 65 67 70 72 75 77
60 59 56 55 52 51 50
5 6 9 10 13 16 19
68 69 72 74 75 77 78
32 33 36 38 40 42 45
89 91 92 93 94 96 97
