12 15 16 17 17
10 13 11 12 9
20 23 25 25 25
72 75 79 80 82
64 63 64 66 66
51 49 50 53 59
64 61 65 67 69
80 79 80 84 90
70 67 74 76 75
19 18 24 26 26
37 35 42 44 48
56 54 56 62 67
74 74 75 76 79
96 96 97 98 98
45 45 43 45 47
44 44 43 44 42
86 86 85 88 92
40 40 40 43 44
45 45 45 46 45
54 54 54 55 55
28 28 28 30 34
41 41 45 48 52
2 2 8 9 9
20 20 22 28 33
1 5 8 9 10
2 6 4 7 7
30 34 37 37 40
37 41 44 44 44
36 43 44 46 45
8 13 16 17 24
79 85 88 87 91
35 40 43 47 50
65 64 61 58 52
64 61 60 61 54
41 39 39 36 31
45 43 39 38 36
93 91 87 85 88
90 87 85 81 81
98 96 91 89 85
93 90 89 83 77
72 75 71 69 65
76 79 77 70 72
46 46 47 46 48
37 37 38 35 31
20 20 18 20 14
63 63 63 61 61
82 82 78 77 75
87 87 86 82 84
32 32 28 27 27
57 57 52 51 53
18 18 12 11 11
38 38 32 29 25
82 78 81 79 77
58 54 52 54 56
9 5 7 6 6
10 6 5 5 1
87 83 81 76 78
87 81 80 77 71
84 79 82 79 75
73 67 65 65 63
76 71 70 70 64
94 89 85 82 82
42 36 32 31 26
65 60 55 53 55
51 54 56 57 63
8 11 8 11 18
15 17 21 22 25
7 10 12 19 16
6 9 11 17 24
74 73 74 75 78
70 67 67 68 66
18 16 21 22 19
89 89 92 95 95
72 72 73 74 78
20 20 22 24 30
46 46 47 45 49
75 75 75 78 83
60 60 63 67 65
73 73 76 80 86
29 29 30 37 41
86 90 94 97 99
36 43 46 48 48
83 88 89 90 97
20 26 25 26 27
5 11 9 12 9
30 37 35 37 37
23 28 29 28 32
14 20 22 22 24
41 48 51 51 48
68 73 75 75 75
30 36 37 41 45
26 32 36 38 45
6 13 15 20 24
91 89 88 87 83
56 53 51 53 50
23 20 18 21 24
67 65 65 64 64
28 25 25 23 19
15 13 13 11 6
92 94 92 89 86
9 11 8 7 2
98 99 98 99 95
82 83 80 80 80
52 54 52 48 47
86 87 82 81 80
54 55 53 48 49
57 60 57 51 51
4 4 5 3 4
56 56 54 55 48
40 40 40 39 40
99 99 96 96 96
49 45 43 41 40
89 85 84 82 78
12 8 11 8 5
55 51 48 48 48
49 45 41 40 33
21 17 11 10 8
37 30 27 24 20
78 71 68 66 59
55 48 47 50 53
88 82 85 83 79
74 67 67 65 58
24 19 15 13 13
25 20 19 15 9
58 51 44 41 36
56 56 58 63 63
98 94 91 93 95
30 31 36 38 38
51 54 56 56 60
40 39 42 41 39
49 44 40 37 33
53 50 49 48 47
10 9 6 5 4
32 35 37 39 41
75 72 70 67 64
61 58 57 56 55
78 79 81 83 85
99 97 94 92 90
67 69 72 75 76
87 84 82 79 77
39 40 43 45 47
96 94 93 91 89
83 86 89 90 91
26 28 31 33 34
24 26 29 31 33
48 50 52 53 55
83 86 88 91 94
33 31 30 29 27
69 72 73 74 76
82 84 85 87 89
9 10 11 13 14
13 16 19 22 25
75 76 77 78 81
10 11 13 15 16
46 44 41 38 36
72 69 67 65 64
98 97 96 93 90
48 51 53 55 58
91 94 96 98 99
82 85 88 89 91
19 22 24 27 30
69 67 64 61 59
84 86 88 89 91
62 63 66 67 69
94 93 90 88 85
76 77 78 80 81
36 39 42 44 46
61 59 58 56 54
30 33 34 37 40
57 60 61 64 67
3 4 6 7 10
92 91 88 86 84
82 79 76 74 71
10 12 14 15 18
39 41 44 46 48
15 18 20 22 25
88 87 86 85 84
99 97 95 94 92
14 17 18 20 22
95 92 89 86 83
18 21 24 25 28
2 5 8 10 11
42 39 36 34 33
15 13 10 8 7
54 57 58 61 62
81 78 75 73 72
18 20 21 24 27
36 37 40 43 45
6 7 10 13 14
2 4 7 10 12
78 76 75 73 70
52 53 56 57 60
51 53 56 57 59
36 33 32 31 28
31 29 28 27 25
17 14 12 11 9
9 11 13 15 17
16 17 20 22 23
54 55 56 58 60
29 27 25 24 23
76 75 73 70 67
48 45 44 43 41
68 67 65 63 60
49 51 54 56 58
34 32 31 30 29
58 61 62 65 67
48 45 44 42 39
8 11 13 15 16
40 41 42 43 46
90 87 85 82 80
36 35 33 31 29
41 44 47 48 49
67 69 70 72 73
55 53 51 48 45
62 64 66 67 69
75 78 80 81 84
48 46 43 42 40
61 58 57 55 53
46 45 42 40 39
31 34 35 36 38
30 28 26 24 23
45 47 49 51 53
30 27 26 25 23
97 96 93 92 89
12 10 8 7 6
81 84 86 88 91
67 70 73 76 79
82 85 86 87 88
17 16 15 14 12
44 42 39 38 37
35 38 40 41 44
78 79 80 83 84
54 51 50 49 46
71 73 74 77 78
62 61 60 58 55
54 55 58 60 61
19 17 14 13 10
69 70 71 73 75
68 69 72 73 75
27 30 31 34 35
22 21 19 18 16
13 16 19 21 22
92 89 88 85 83
31 33 34 37 38
54 52 49 47 46
18 15 13 12 9
81 83 84 85 87
