86 87 88 90 92 93 93 90
3 4 7 9 12 12 14 20
49 50 54 55 56 57 60 64
41 43 45 46 49 51 58 61
16 14 17 20 21 23 26 28
20 18 19 22 20 22 25 28
20 17 18 19 18 20 21 25
10 8 8 11 13 16 19 19
50 47 49 51 55 58 59 58
46 46 48 50 52 53 55 53
8 8 10 9 11 14 17 17
40 40 42 43 46 44 46 53
69 69 72 73 76 80 82 84
17 21 23 26 28 30 32 31
24 28 29 30 33 35 36 36
32 36 37 35 37 40 42 43
4 8 9 12 15 14 16 15
73 77 80 82 86 87 90 89
42 46 50 51 52 53 55 55
77 81 83 87 88 90 92 96
3 7 8 9 14 16 18 20
15 19 21 22 28 31 32 32
41 46 49 50 51 52 55 57
26 32 33 36 37 39 41 45
35 40 42 39 42 45 46 46
74 80 82 83 86 88 85 91
59 64 65 65 66 67 68 67
30 36 37 39 40 40 43 47
67 72 76 78 79 82 83 80
6 13 14 16 20 22 23 30
69 66 64 62 61 60 57 60
34 33 32 31 28 27 29 29
89 87 86 84 84 83 82 81
50 48 45 44 41 36 33 36
99 97 96 93 91 90 85 85
11 12 9 8 7 9 7 9
16 19 18 16 17 16 14 8
62 64 62 59 56 56 55 56
90 92 90 88 85 85 84 84
71 74 73 73 70 69 67 63
69 71 67 66 65 64 62 62
71 73 70 68 64 62 60 54
52 52 50 47 45 42 39 35
26 26 24 21 18 15 14 7
45 45 42 40 40 37 34 37
81 81 78 77 76 75 75 70
64 64 62 59 57 54 48 42
93 89 88 87 84 83 81 84
51 47 44 41 38 36 35 35
52 48 45 48 46 44 42 35
33 29 28 25 25 24 23 22
33 29 28 25 24 20 17 18
39 35 29 27 24 21 18 14
85 81 79 76 73 70 63 57
49 43 41 38 35 34 32 29
92 87 85 83 82 79 78 79
68 63 61 55 54 52 50 50
38 41 42 43 45 47 49 49
28 29 32 34 35 38 37 35
38 39 37 40 41 44 45 45
38 39 40 43 46 44 45 49
60 61 63 65 66 66 67 69
66 67 69 71 72 73 77 75
26 29 32 35 39 42 43 43
60 61 63 65 67 70 76 78
46 49 50 51 58 59 60 60
55 52 53 51 54 56 58 56
31 30 31 32 34 36 35 35
10 7 9 12 15 15 18 18
25 22 24 28 30 32 33 31
55 53 54 57 58 60 64 70
15 14 17 20 21 24 29 32
41 41 42 45 46 49 50 47
49 49 52 53 53 55 58 60
22 22 25 29 30 31 33 35
80 80 81 84 90 92 95 98
57 61 64 67 68 70 71 72
14 18 20 22 23 26 29 34
78 82 83 86 88 89 86 89
32 36 39 41 44 48 51 56
71 75 77 80 81 86 89 93
54 60 63 64 66 68 70 68
70 76 78 77 79 81 83 88
49 54 55 56 56 57 58 62
24 30 33 36 37 44 46 44
47 53 55 56 62 64 66 71
64 63 61 58 56 54 51 53
76 74 72 69 67 65 65 62
72 70 69 65 62 59 56 55
13 11 7 6 5 3 2 3
23 20 17 14 13 11 7 7
75 74 69 68 65 62 59 60
90 92 89 91 88 85 84 82
79 81 78 75 73 73 70 73
65 66 65 65 64 63 62 55
72 72 70 69 68 66 63 62
88 88 85 83 80 77 75 78
63 63 61 58 56 54 52 45
44 44 41 40 37 40 37 36
68 68 66 64 67 65 62 62
40 40 37 37 36 34 31 29
24 24 23 20 20 19 17 13
19 19 18 15 11 8 7 8
53 53 50 47 41 39 38 36
37 37 35 33 32 31 25 26
87 83 81 78 80 78 75 69
45 41 40 37 33 30 28 31
75 71 67 66 63 61 58 54
46 41 38 37 36 35 34 33
28 21 24 21 19 17 14 13
33 27 25 18 16 13 12 6
30 36 39 41 42 48 51 56
41 41 42 43 45 51 54 61
34 34 31 32 30 27 24 24
30 30 31 33 34 36 40 43
33 34 35 36 39 42 45 48
33 34 36 38 40 42 45 46
35 34 32 31 30 28 25 24
28 31 34 37 38 40 43 46
6 7 10 11 13 15 18 21
26 23 21 20 19 18 16 15
19 22 25 27 29 31 33 34
64 66 69 71 72 75 76 79
41 42 43 46 48 50 51 52
97 96 94 92 91 90 89 86
95 92 90 87 85 83 82 79
16 18 20 23 24 27 28 30
29 26 24 22 19 16 13 12
16 17 20 23 24 25 26 28
6 7 10 11 12 13 16 18
22 19 16 14 11 8 5 2
15 18 21 24 27 29 31 34
21 22 24 27 29 30 32 34
61 59 57 56 53 51 49 48
31 33 36 39 41 42 44 45
34 33 31 28 25 24 23 22
7 8 9 11 12 15 18 21
56 59 61 62 65 66 68 69
31 32 35 36 39 40 41 42
44 46 48 50 52 55 58 60
40 41 43 44 47 48 51 52
98 96 94 91 90 88 86 83
16 15 12 11 10 9 6 5
67 66 65 64 63 61 58 55
41 40 39 37 34 31 29 26
61 59 57 54 53 51 50 47
81 80 77 75 72 70 69 68
47 49 52 55 57 60 62 65
63 60 57 56 54 53 52 51
13 14 17 19 22 24 25 27
79 77 75 72 70 67 64 63
39 40 43 46 48 49 51 53
49 46 45 42 39 36 33 31
46 49 52 55 57 58 59 62
71 70 68 65 62 61 59 57
24 25 26 29 30 31 34 37
53 50 47 46 44 43 40 38
68 65 63 60 59 56 54 51
28 31 32 34 35 38 41 42
51 48 45 43 41 40 39 37
82 84 87 90 92 94 97 99
60 58 56 55 54 52 50 48
66 65 63 60 58 56 54 52
36 39 42 44 45 48 51 53
7 8 9 11 12 13 15 17
4 6 8 10 13 14 15 17
76 79 82 85 86 88 91 93
71 70 67 64 61 60 57 55
22 24 26 29 30 33 35 36
90 89 87 85 82 79 77 76
84 81 79 76 75 74 73 70
68 70 73 75 76 77 80 83
60 57 55 52 49 48 46 45
39 38 36 35 33 32 30 27
53 52 49 46 45 42 39 37
25 27 30 33 34 35 36 37
7 8 9 10 12 13 16 19
95 94 91 89 86 83 81 80
33 30 27 25 22 20 19 18
57 55 54 51 49 47 45 42
63 61 60 58 55 53 51 48
45 44 41 40 38 37 34 31
87 85 84 83 80 77 74 73
82 83 85 87 89 92 94 95
52 54 57 59 61 64 65 66
49 52 54 57 58 59 60 62
79 81 84 86 88 91 94 95
10 12 13 14 16 18 19 20
19 22 25 26 28 31 34 37
68 70 73 75 77 79 81 84
39 38 36 35 32 31 29 27
48 49 52 53 54 56 59 62
78 81 82 83 86 87 90 91
72 74 76 78 81 84 87 90
84 82 79 78 75 73 72 69
89 88 87 86 85 84 81 79
27 29 30 31 32 35 36 39
3 5 8 10 12 14 15 16
2 5 8 11 14 17 18 20
3 6 7 10 12 14 16 19
88 87 84 83 81 80 77 76
66 69 71 74 77 79 80 83
55 58 61 64 67 68 70 71
43 40 38 36 34 31 28 27
87 86 83 82 80 77 75 72
31 33 36 38 40 41 43 44
71 72 73 75 78 80 81 84
26 23 21 19 18 15 14 13
62 59 56 54 52 49 48 46
13 16 18 21 24 26 28 31
34 36 37 40 41 44 46 47
42 44 45 48 50 52 53 54
56 58 60 63 64 67 69 71
46 47 48 49 52 54 57 59
73 71 68 66 63 62 59 57
86 83 82 81 79 77 76 73
1 4 6 7 9 10 13 14
18 16 13 12 10 8 5 3
72 70 67 64 62 61 59 56
30 31 32 33 36 38 39 42
54 57 60 61 63 65 68 70
67 65 63 61 60 59 56 54
20 19 18 15 13 12 9 7
41 39 38 35 34 33 30 29
67 69 71 72 73 76 79 80
17 16 13 12 11 10 7 6
92 90 87 85 83 82 79 77
26 24 22 20 18 17 16 15
19 22 24 27 28 30 31 32
48 47 45 44 41 40 37 34
73 70 69 66 65 62 60 58
58 56 55 52 49 48 45 43
