87 90 92 95 96 93
17 20 22 20 23 24
60 63 65 63 65 69
3 5 8 8 10 14
54 57 61 63 65 65
34 33 30 32 34 40
34 33 34 34 36 43
45 43 50 53 56 57
7 7 8 10 11 15
31 31 32 35 36 42
76 80 82 85 88 92
23 27 29 30 32 37
37 41 43 40 42 46
2 6 9 12 10 16
2 6 12 15 17 21
28 32 34 36 41 48
52 58 59 60 63 63
21 26 27 30 30 35
3 8 9 12 16 16
70 76 77 79 86 90
45 52 55 58 65 71
93 92 90 89 86 82
18 17 15 17 14 12
64 62 60 62 60 62
77 74 74 73 71 73
39 37 36 36 34 34
68 69 67 64 62 58
50 53 50 49 46 40
13 14 12 11 14 13
60 63 61 60 62 58
31 34 31 28 28 27
40 41 41 40 38 31
73 74 71 67 64 63
48 50 47 44 40 41
89 91 84 81 79 76
50 51 46 43 42 42
11 11 8 7 6 4
81 81 79 77 78 78
82 82 81 79 79 75
87 87 83 82 79 75
38 34 33 30 28 27
32 28 26 26 25 26
97 93 92 90 90 90
31 27 27 24 22 15
28 24 20 18 16 16
43 39 36 34 30 26
84 80 78 75 71 65
82 78 73 70 68 68
37 30 28 25 23 23
39 34 31 30 32 32
94 89 89 88 87 89
65 60 58 55 51 53
26 20 19 18 13 9
30 25 24 18 17 11
21 23 26 24 27 30
57 58 58 59 60 59
84 86 88 91 91 96
6 9 11 18 19 23
88 86 88 89 92 92
24 22 19 22 25 28
50 49 47 49 50 54
81 80 83 85 85 86
36 35 35 37 38 43
38 35 36 39 43 46
20 17 18 21 25 29
67 65 66 67 73 77
85 85 86 88 90 92
49 49 51 53 51 51
24 24 26 26 27 31
46 46 49 50 56 63
66 70 73 76 77 81
18 22 21 22 24 23
50 54 57 54 56 56
38 42 44 46 43 47
42 46 49 46 49 55
71 75 77 79 79 79
34 38 39 42 42 46
50 54 58 59 60 64
28 32 35 38 43 40
13 17 19 22 28 35
31 37 40 42 45 49
45 51 54 57 57 64
13 19 21 23 27 29
78 83 85 89 92 90
48 55 57 60 64 64
38 37 36 37 36 36
47 44 46 43 42 37
22 21 19 19 17 18
83 80 78 74 71 67
21 19 15 13 11 5
35 34 31 28 22 22
75 74 69 66 64 60
63 65 64 62 60 63
52 55 54 52 51 51
71 72 70 67 64 60
79 81 80 83 82 76
94 97 95 94 94 90
81 84 80 78 75 75
64 66 61 58 55 51
67 68 66 61 59 52
26 26 26 24 23 17
24 24 21 19 15 12
57 57 55 51 48 41
49 49 42 40 38 34
71 67 66 64 61 63
19 15 12 11 10 10
47 43 40 38 39 42
79 75 72 71 73 73
77 73 72 70 73 69
70 66 66 64 62 64
39 35 29 28 25 19
83 77 74 71 68 68
61 55 57 56 55 48
30 25 25 24 21 22
36 31 28 28 27 23
83 78 74 71 70 69
62 57 53 52 49 45
90 85 78 76 73 71
61 54 52 50 43 43
20 14 11 11 9 11
2 8 11 13 17 18
22 22 25 29 30 35
37 37 35 37 35 38
34 32 31 29 29 27
33 40 41 42 43 43
40 41 44 45 46 48
39 37 34 32 31 29
75 76 79 80 83 84
39 36 33 30 28 25
67 68 71 72 74 75
49 51 52 53 56 59
12 9 8 6 4 3
48 47 45 42 41 38
61 60 59 57 56 53
56 55 52 49 48 46
63 65 66 68 71 72
80 78 76 73 70 67
32 34 35 38 41 44
33 36 39 40 41 43
18 15 12 11 8 5
20 18 17 14 13 11
47 46 43 41 38 36
77 74 72 71 69 67
40 38 36 35 34 32
68 67 65 63 62 61
3 4 5 7 10 11
56 55 52 50 49 46
62 63 64 66 68 71
55 54 51 50 47 46
20 18 16 13 12 11
71 73 76 79 81 82
61 63 65 66 67 68
44 47 49 50 52 53
65 64 62 61 60 57
55 57 60 62 64 66
85 82 80 77 76 73
54 52 50 49 48 46
63 62 59 56 54 51
69 72 74 75 76 77
17 18 20 21 24 26
66 69 72 73 75 76
84 87 88 91 92 93
88 90 93 96 97 98
87 88 90 92 95 97
19 17 14 12 9 6
32 33 36 39 40 41
51 49 47 45 42 40
63 64 66 69 71 74
93 91 89 87 84 81
47 46 44 42 39 38
41 39 36 33 31 29
45 46 49 52 54 56
9 11 14 16 18 20
52 50 48 45 44 41
51 49 47 46 43 42
72 74 75 76 77 79
87 85 82 80 77 74
26 29 31 34 36 38
52 55 56 57 60 63
14 11 10 7 4 1
50 49 47 45 44 42
55 58 60 63 66 68
88 90 92 94 96 97
23 24 26 28 29 32
11 8 7 6 4 3
24 21 19 18 15 13
33 30 27 25 23 22
91 89 88 86 85 83
89 91 93 96 97 98
85 87 90 91 93 95
28 31 33 34 36 38
41 39 38 36 35 33
20 18 15 13 11 9
85 86 87 88 91 93
56 57 59 62 65 66
43 46 49 50 51 52
56 53 50 49 47 46
76 77 79 82 85 87
84 82 80 78 76 75
13 11 10 7 5 2
30 29 26 25 22 20
45 46 48 50 51 53
25 23 20 19 17 16
67 70 73 75 78 80
2 5 8 10 11 12
44 41 38 37 36 34
1 2 5 8 9 11
42 43 44 47 50 51
39 41 43 44 47 49
42 41 38 37 34 31
23 21 19 16 14 13
84 86 88 91 94 95
19 21 22 23 24 25
41 44 46 48 51 52
72 74 75 76 78 79
57 60 61 63 65 67
31 30 27 26 24 22
53 56 58 61 62 64
14 12 10 8 5 2
12 13 16 17 20 23
50 51 53 56 57 59
74 76 78 81 84 87
23 24 25 28 29 31
77 80 82 85 86 87
71 68 66 64 63 62
69 67 66 64 63 60
61 59 57 54 51 49
81 79 77 76 75 73
91 88 87 85 82 79
10 13 15 16 17 19
46 48 51 52 55 57
20 22 24 25 26 27
37 34 32 29 26 24
97 95 93 91 89 86
